HOSPITAL,15
0,617,609
1,282,278
2,874,484
3,350,47
4,851,72
5,547,242
6,847,708
7,979,308
8,660,923
9,437,650
10,439,392
11,193,693
12,553,287
13,891,247
14,510,334
VEHICLES,100
0,616,777,660,923,3
1,935,490,282,278,2
2,864,784,851,72,2
3,822,507,660,923,2
4,598,804,437,650,2
5,8,655,350,47,2
6,535,419,553,287,3
7,138,957,617,609,3
8,227,283,851,72,1
9,290,208,350,47,1
10,554,207,282,278,2
11,947,200,350,47,1
12,478,273,437,650,3
13,384,991,510,334,2
14,813,326,979,308,3
15,802,607,660,923,1
16,145,670,847,708,1
17,521,310,553,287,2
18,277,474,547,242,3
19,958,297,282,278,3
20,458,430,979,308,3
21,48,25,891,247,2
22,360,970,193,693,2
23,682,384,553,287,3
24,73,746,439,392,3
25,334,470,437,650,1
26,852,159,439,392,2
27,566,908,510,334,1
28,298,275,979,308,3
29,493,781,874,484,2
30,585,28,282,278,2
31,174,463,874,484,1
32,180,114,979,308,3
33,152,655,350,47,3
34,942,863,510,334,2
35,187,13,979,308,2
36,459,870,874,484,1
37,314,158,891,247,3
38,745,326,847,708,3
39,633,660,891,247,3
40,485,649,851,72,2
41,270,456,851,72,3
42,802,813,193,693,3
43,902,398,553,287,2
44,534,668,847,708,2
45,963,255,979,308,1
46,15,407,193,693,2
47,880,551,282,278,3
48,48,506,282,278,2
49,530,458,510,334,2
50,241,971,437,650,3
51,934,587,282,278,2
52,54,856,282,278,2
53,815,772,891,247,1
54,344,270,874,484,2
55,27,84,437,650,3
56,568,773,617,609,1
57,718,887,193,693,2
58,155,423,437,650,3
59,801,770,510,334,1
60,506,345,891,247,2
61,638,619,979,308,2
62,439,907,282,278,2
63,102,288,547,242,2
64,589,492,350,47,3
65,874,925,553,287,3
66,136,729,437,650,1
67,776,753,851,72,2
68,554,620,350,47,1
69,553,936,439,392,1
70,20,100,282,278,1
71,734,399,553,287,2
72,901,404,617,609,2
73,458,164,847,708,1
74,757,495,282,278,2
75,454,108,439,392,3
76,298,631,350,47,2
77,616,592,874,484,1
78,561,66,660,923,3
79,526,957,193,693,2
80,236,881,847,708,1
81,814,923,660,923,3
82,479,377,547,242,1
83,662,143,979,308,1
84,991,616,847,708,1
85,37,230,874,484,3
86,51,740,547,242,3
87,959,99,847,708,2
88,54,321,851,72,1
89,736,243,437,650,2
90,391,19,553,287,1
91,769,657,282,278,2
92,300,785,617,609,2
93,418,552,847,708,3
94,171,665,617,609,3
95,861,721,437,650,2
96,991,880,282,278,1
97,349,572,617,609,2
98,116,401,979,308,1
99,820,320,510,334,1
REQUESTS,1000
0,54,211,193,693
1,698,96,617,609
2,697,565,851,72
3,854,483,851,72
4,566,355,437,650
5,250,879,350,47
6,103,740,547,242
7,171,342,193,693
8,813,357,437,650
9,393,484,282,278
10,702,58,851,72
11,636,900,874,484
12,554,363,847,708
13,579,911,874,484
14,328,545,439,392
15,417,535,851,72
16,718,20,193,693
17,198,996,979,308
18,745,174,547,242
19,727,373,350,47
20,517,993,874,484
21,936,712,660,923
22,667,136,193,693
23,256,391,547,242
24,262,693,851,72
25,306,293,891,247
26,360,595,847,708
27,178,574,547,242
28,376,470,439,392
29,90,899,979,308
30,86,174,510,334
31,735,70,979,308
32,106,530,193,693
33,951,916,282,278
34,979,755,553,287
35,356,863,510,334
36,306,650,439,392
37,376,480,547,242
38,286,100,350,47
39,438,170,437,650
40,622,561,847,708
41,709,490,193,693
42,37,645,891,247
43,320,503,847,708
44,652,543,874,484
45,73,535,193,693
46,212,239,851,72
47,850,850,979,308
48,573,726,547,242
49,593,87,439,392
50,203,677,350,47
51,995,970,874,484
52,725,993,617,609
53,356,859,617,609
54,936,626,510,334
55,773,317,193,693
56,464,214,847,708
57,695,265,851,72
58,829,504,510,334
59,35,457,617,609
60,223,698,547,242
61,897,791,193,693
62,337,627,437,650
63,609,333,437,650
64,14,131,660,923
65,43,550,660,923
66,277,940,547,242
67,450,701,547,242
68,701,978,660,923
69,202,122,979,308
70,801,699,617,609
71,748,742,350,47
72,172,881,874,484
73,895,173,851,72
74,806,972,439,392
75,671,388,437,650
76,226,800,851,72
77,626,228,553,287
78,748,275,660,923
79,914,406,851,72
80,727,853,660,923
81,14,966,851,72
82,568,769,439,392
83,186,613,979,308
84,768,27,979,308
85,745,760,553,287
86,888,495,547,242
87,128,99,874,484
88,267,99,617,609
89,866,659,617,609
90,58,904,193,693
91,832,337,193,693
92,91,271,617,609
93,505,471,874,484
94,18,94,851,72
95,419,704,547,242
96,705,869,553,287
97,785,829,847,708
98,378,276,553,287
99,259,336,350,47
100,982,704,660,923
101,508,666,553,287
102,156,654,891,247
103,393,324,439,392
104,921,166,660,923
105,529,709,510,334
106,553,182,193,693
107,929,179,979,308
108,420,490,851,72
109,631,213,510,334
110,151,32,847,708
111,245,563,891,247
112,257,513,851,72
113,663,694,439,392
114,834,482,979,308
115,774,842,437,650
116,836,350,437,650
117,742,168,660,923
118,612,271,510,334
119,851,607,547,242
120,755,982,617,609
121,883,791,193,693
122,553,373,350,47
123,367,715,193,693
124,740,691,439,392
125,97,717,847,708
126,684,744,282,278
127,27,134,874,484
128,51,942,891,247
129,628,523,979,308
130,145,958,847,708
131,46,103,282,278
132,116,109,891,247
133,360,218,847,708
134,860,318,874,484
135,42,32,979,308
136,781,690,660,923
137,102,532,350,47
138,444,36,617,609
139,38,549,350,47
140,275,913,547,242
141,509,449,891,247
142,904,338,851,72
143,42,763,553,287
144,799,842,439,392
145,492,903,350,47
146,383,487,847,708
147,380,728,350,47
148,704,262,437,650
149,260,833,874,484
150,990,251,193,693
151,868,189,660,923
152,917,50,847,708
153,598,243,510,334
154,324,649,617,609
155,471,989,553,287
156,780,167,437,650
157,256,442,553,287
158,842,951,617,609
159,224,710,553,287
160,392,554,547,242
161,742,466,847,708
162,302,707,847,708
163,196,292,891,247
164,556,335,350,47
165,584,290,617,609
166,519,487,851,72
167,541,856,979,308
168,921,750,851,72
169,153,662,437,650
170,635,876,891,247
171,302,494,439,392
172,869,510,510,334
173,831,305,193,693
174,164,969,874,484
175,684,809,439,392
176,468,45,282,278
177,845,923,282,278
178,635,678,851,72
179,519,996,547,242
180,929,26,874,484
181,926,871,437,650
182,464,549,617,609
183,417,281,891,247
184,264,365,617,609
185,981,421,874,484
186,513,288,851,72
187,54,36,350,47
188,695,471,439,392
189,623,466,553,287
190,590,65,979,308
191,826,459,660,923
192,189,34,874,484
193,129,647,553,287
194,271,147,510,334
195,104,997,547,242
196,979,736,282,278
197,292,900,891,247
198,432,507,874,484
199,422,208,851,72
200,165,49,437,650
201,537,416,437,650
202,932,588,510,334
203,18,498,979,308
204,681,935,439,392
205,569,340,891,247
206,795,835,660,923
207,168,30,847,708
208,754,735,553,287
209,314,693,617,609
210,330,95,547,242
211,224,782,979,308
212,482,684,851,72
213,141,917,617,609
214,445,752,547,242
215,917,699,510,334
216,230,586,847,708
217,563,921,553,287
218,816,330,617,609
219,990,686,439,392
220,720,375,660,923
221,687,229,851,72
222,126,641,617,609
223,74,411,874,484
224,755,587,553,287
225,549,108,660,923
226,983,503,439,392
227,898,446,874,484
228,725,812,874,484
229,307,581,510,334
230,506,372,439,392
231,468,373,851,72
232,576,230,282,278
233,991,51,439,392
234,74,682,847,708
235,524,877,660,923
236,270,869,851,72
237,672,97,547,242
238,637,231,660,923
239,339,145,193,693
240,195,752,617,609
241,954,288,660,923
242,242,985,437,650
243,116,903,660,923
244,766,205,891,247
245,164,210,660,923
246,510,520,193,693
247,262,988,193,693
248,366,771,874,484
249,377,407,350,47
250,610,162,847,708
251,302,420,282,278
252,165,892,979,308
253,982,229,510,334
254,957,670,979,308
255,833,133,851,72
256,933,83,847,708
257,408,755,874,484
258,653,931,851,72
259,14,914,660,923
260,491,365,547,242
261,158,36,847,708
262,480,299,553,287
263,558,187,617,609
264,290,625,510,334
265,696,840,193,693
266,845,29,851,72
267,967,236,350,47
268,181,213,193,693
269,106,174,979,308
270,290,888,350,47
271,4,134,439,392
272,722,170,979,308
273,609,345,282,278
274,229,436,193,693
275,822,458,282,278
276,31,242,847,708
277,987,751,874,484
278,562,824,437,650
279,550,57,891,247
280,458,175,660,923
281,838,428,874,484
282,337,389,891,247
283,652,984,617,609
284,758,178,891,247
285,795,920,979,308
286,699,833,193,693
287,661,115,851,72
288,675,934,193,693
289,162,573,282,278
290,33,737,874,484
291,129,961,851,72
292,916,27,282,278
293,531,243,510,334
294,6,252,617,609
295,32,998,350,47
296,214,126,979,308
297,527,646,979,308
298,796,73,874,484
299,80,184,350,47
300,414,443,547,242
301,127,266,660,923
302,493,476,439,392
303,65,545,547,242
304,859,470,437,650
305,304,701,350,47
306,625,780,547,242
307,933,703,510,334
308,954,710,617,609
309,956,640,510,334
310,904,93,660,923
311,15,607,282,278
312,429,123,979,308
313,723,814,193,693
314,840,774,979,308
315,928,804,437,650
316,963,332,510,334
317,386,527,282,278
318,700,16,193,693
319,57,355,979,308
320,711,730,979,308
321,486,464,437,650
322,572,890,874,484
323,258,268,660,923
324,144,170,439,392
325,788,108,510,334
326,646,18,193,693
327,471,931,439,392
328,682,79,547,242
329,416,38,979,308
330,982,33,350,47
331,179,925,510,334
332,349,308,547,242
333,533,667,874,484
334,315,326,660,923
335,768,666,437,650
336,509,232,193,693
337,591,520,350,47
338,900,862,547,242
339,700,722,350,47
340,713,86,874,484
341,790,396,547,242
342,286,843,660,923
343,432,161,547,242
344,387,280,847,708
345,51,897,660,923
346,62,603,437,650
347,742,560,874,484
348,900,630,439,392
349,354,389,851,72
350,498,352,874,484
351,14,399,282,278
352,906,875,874,484
353,119,759,439,392
354,48,48,851,72
355,183,406,891,247
356,860,550,439,392
357,879,47,547,242
358,851,503,439,392
359,863,689,851,72
360,70,970,979,308
361,978,509,193,693
362,829,907,660,923
363,982,583,547,242
364,42,336,193,693
365,897,400,282,278
366,641,333,847,708
367,521,317,851,72
368,128,944,282,278
369,42,627,847,708
370,280,910,851,72
371,863,23,510,334
372,732,932,282,278
373,545,97,350,47
374,7,20,547,242
375,440,665,437,650
376,614,492,553,287
377,249,755,510,334
378,777,678,437,650
379,257,767,510,334
380,967,173,891,247
381,907,722,350,47
382,860,908,437,650
383,766,512,510,334
384,832,272,874,484
385,138,622,874,484
386,497,676,437,650
387,954,862,547,242
388,921,612,553,287
389,942,346,851,72
390,309,281,847,708
391,696,484,439,392
392,612,537,874,484
393,89,990,439,392
394,897,486,979,308
395,142,957,891,247
396,518,802,350,47
397,56,966,547,242
398,699,852,874,484
399,435,979,193,693
400,1,525,547,242
401,349,888,547,242
402,56,922,547,242
403,836,868,547,242
404,899,148,847,708
405,711,170,660,923
406,376,582,439,392
407,457,157,437,650
408,894,755,979,308
409,108,545,439,392
410,20,579,193,693
411,38,953,193,693
412,695,31,437,650
413,25,937,979,308
414,178,773,282,278
415,594,743,437,650
416,179,401,617,609
417,527,342,874,484
418,406,748,437,650
419,971,747,979,308
420,135,354,553,287
421,785,524,847,708
422,959,721,617,609
423,345,864,439,392
424,485,656,553,287
425,381,314,874,484
426,531,744,547,242
427,959,507,282,278
428,417,939,193,693
429,67,841,851,72
430,899,535,547,242
431,471,757,547,242
432,746,234,851,72
433,51,721,847,708
434,503,249,891,247
435,51,400,847,708
436,51,938,847,708
437,614,386,874,484
438,153,212,282,278
439,313,578,874,484
440,157,313,874,484
441,686,760,282,278
442,885,718,617,609
443,26,963,282,278
444,477,248,979,308
445,64,794,847,708
446,826,347,437,650
447,444,867,553,287
448,520,461,439,392
449,608,579,437,650
450,309,231,437,650
451,901,950,350,47
452,187,416,282,278
453,266,781,979,308
454,645,414,193,693
455,176,591,350,47
456,996,335,437,650
457,97,69,547,242
458,776,717,891,247
459,953,89,350,47
460,749,463,847,708
461,270,331,547,242
462,775,17,874,484
463,306,796,553,287
464,517,700,891,247
465,141,488,874,484
466,506,136,891,247
467,639,230,193,693
468,464,102,437,650
469,70,589,547,242
470,930,76,547,242
471,116,776,847,708
472,182,379,874,484
473,519,133,617,609
474,93,367,979,308
475,54,545,874,484
476,10,399,553,287
477,161,762,437,650
478,91,445,851,72
479,104,323,193,693
480,954,202,282,278
481,104,91,851,72
482,200,821,439,392
483,809,412,510,334
484,380,480,617,609
485,882,107,847,708
486,217,757,282,278
487,776,594,350,47
488,734,549,874,484
489,346,925,847,708
490,480,515,439,392
491,570,567,350,47
492,43,972,660,923
493,468,641,510,334
494,797,314,439,392
495,855,435,891,247
496,145,314,350,47
497,696,765,437,650
498,938,75,979,308
499,63,860,437,650
500,703,738,851,72
501,567,454,282,278
502,476,330,979,308
503,780,827,660,923
504,650,907,350,47
505,694,255,439,392
506,975,114,439,392
507,610,233,617,609
508,765,608,660,923
509,634,542,193,693
510,475,531,851,72
511,794,453,510,334
512,974,287,439,392
513,912,753,350,47
514,154,300,510,334
515,255,932,874,484
516,835,938,847,708
517,872,730,193,693
518,995,378,553,287
519,764,699,510,334
520,53,427,617,609
521,83,121,851,72
522,864,326,874,484
523,684,6,617,609
524,551,325,847,708
525,863,999,193,693
526,300,289,547,242
527,445,28,547,242
528,277,759,439,392
529,794,448,439,392
530,885,554,979,308
531,757,901,660,923
532,201,295,874,484
533,267,648,282,278
534,753,91,439,392
535,801,30,553,287
536,381,50,350,47
537,669,682,979,308
538,206,556,660,923
539,117,989,660,923
540,75,824,617,609
541,539,203,510,334
542,835,790,282,278
543,349,501,547,242
544,112,23,847,708
545,231,199,510,334
546,142,505,617,609
547,169,488,439,392
548,395,995,979,308
549,241,199,350,47
550,670,731,282,278
551,325,90,282,278
552,353,32,510,334
553,366,401,193,693
554,274,937,660,923
555,217,292,874,484
556,972,426,282,278
557,537,700,851,72
558,380,917,660,923
559,371,796,437,650
560,592,109,510,334
561,422,194,660,923
562,898,267,547,242
563,515,138,547,242
564,907,279,660,923
565,92,848,847,708
566,913,771,660,923
567,314,96,350,47
568,788,303,510,334
569,606,832,851,72
570,974,353,437,650
571,284,781,874,484
572,822,865,439,392
573,735,78,282,278
574,76,187,350,47
575,555,68,437,650
576,541,476,437,650
577,656,62,437,650
578,160,308,282,278
579,918,297,891,247
580,396,761,282,278
581,457,844,891,247
582,969,396,891,247
583,500,766,847,708
584,129,907,282,278
585,533,711,847,708
586,191,718,439,392
587,815,784,891,247
588,716,618,282,278
589,127,558,437,650
590,526,757,851,72
591,619,291,660,923
592,13,789,193,693
593,88,503,282,278
594,238,682,847,708
595,226,32,510,334
596,867,972,891,247
597,774,134,617,609
598,525,30,891,247
599,239,742,437,650
600,83,901,847,708
601,838,556,350,47
602,226,558,847,708
603,694,548,874,484
604,588,340,547,242
605,622,852,660,923
606,714,6,437,650
607,500,73,553,287
608,769,379,979,308
609,934,756,437,650
610,467,814,660,923
611,759,891,547,242
612,262,955,282,278
613,195,174,350,47
614,499,961,350,47
615,191,433,851,72
616,329,404,510,334
617,926,270,891,247
618,57,343,847,708
619,478,196,617,609
620,111,309,350,47
621,291,780,510,334
622,460,426,282,278
623,426,134,439,392
624,921,991,510,334
625,29,331,979,308
626,583,608,979,308
627,184,694,547,242
628,703,786,439,392
629,520,436,847,708
630,191,745,439,392
631,808,528,547,242
632,625,98,847,708
633,549,22,851,72
634,325,351,874,484
635,121,13,553,287
636,738,414,891,247
637,303,528,510,334
638,357,197,851,72
639,239,66,193,693
640,249,665,979,308
641,959,886,510,334
642,193,793,193,693
643,349,147,660,923
644,833,495,282,278
645,789,947,874,484
646,705,835,553,287
647,58,7,547,242
648,728,513,282,278
649,501,288,437,650
650,262,295,553,287
651,621,957,553,287
652,888,389,874,484
653,59,652,437,650
654,312,922,350,47
655,341,941,193,693
656,479,831,553,287
657,26,83,282,278
658,225,483,553,287
659,250,678,617,609
660,464,691,851,72
661,421,232,851,72
662,240,319,979,308
663,602,141,547,242
664,22,538,979,308
665,651,788,979,308
666,545,623,350,47
667,376,49,979,308
668,33,696,847,708
669,565,525,553,287
670,681,294,891,247
671,932,845,350,47
672,91,101,553,287
673,214,371,617,609
674,615,21,847,708
675,368,258,547,242
676,288,568,439,392
677,818,201,660,923
678,615,876,510,334
679,167,761,891,247
680,57,807,193,693
681,191,620,439,392
682,476,948,660,923
683,584,695,553,287
684,810,824,979,308
685,579,355,510,334
686,538,306,193,693
687,751,625,193,693
688,907,830,660,923
689,503,269,851,72
690,694,671,553,287
691,669,524,851,72
692,804,723,553,287
693,312,998,547,242
694,200,144,979,308
695,332,3,617,609
696,169,295,847,708
697,437,110,510,334
698,811,854,350,47
699,172,557,547,242
700,515,550,437,650
701,298,719,851,72
702,241,961,193,693
703,291,770,350,47
704,519,977,617,609
705,884,897,282,278
706,894,102,660,923
707,18,964,193,693
708,668,557,510,334
709,946,372,350,47
710,786,598,617,609
711,852,356,874,484
712,148,263,874,484
713,916,314,350,47
714,397,434,193,693
715,247,811,617,609
716,608,30,979,308
717,569,828,282,278
718,666,27,617,609
719,526,246,282,278
720,335,544,874,484
721,377,241,617,609
722,771,502,979,308
723,293,127,350,47
724,377,250,874,484
725,259,180,660,923
726,372,707,851,72
727,807,150,547,242
728,261,243,851,72
729,454,31,282,278
730,278,370,510,334
731,882,830,439,392
732,454,368,437,650
733,54,607,439,392
734,667,998,193,693
735,631,185,847,708
736,620,32,979,308
737,524,756,439,392
738,229,856,437,650
739,77,243,193,693
740,899,995,547,242
741,805,481,193,693
742,698,390,510,334
743,642,52,193,693
744,907,235,547,242
745,951,609,547,242
746,654,355,193,693
747,409,877,891,247
748,896,507,553,287
749,374,355,874,484
750,764,936,510,334
751,609,246,350,47
752,681,615,847,708
753,762,766,660,923
754,445,857,510,334
755,72,516,437,650
756,216,226,660,923
757,530,236,891,247
758,231,118,437,650
759,610,442,547,242
760,895,291,350,47
761,410,570,874,484
762,494,295,851,72
763,654,978,891,247
764,532,944,979,308
765,622,679,847,708
766,651,692,437,650
767,287,223,282,278
768,793,805,350,47
769,125,745,282,278
770,475,12,439,392
771,932,406,851,72
772,45,759,547,242
773,559,714,617,609
774,946,221,874,484
775,172,881,439,392
776,890,917,847,708
777,22,578,874,484
778,467,318,979,308
779,41,67,439,392
780,717,488,437,650
781,908,937,617,609
782,859,26,553,287
783,518,705,547,242
784,366,134,439,392
785,835,674,193,693
786,701,29,979,308
787,521,329,350,47
788,127,496,193,693
789,579,587,874,484
790,387,873,851,72
791,525,920,617,609
792,535,758,660,923
793,200,375,851,72
794,188,65,547,242
795,379,326,847,708
796,823,643,510,334
797,240,94,553,287
798,249,535,847,708
799,560,278,553,287
800,103,52,282,278
801,351,990,510,334
802,746,241,660,923
803,216,346,891,247
804,774,22,193,693
805,885,574,437,650
806,551,3,510,334
807,972,773,193,693
808,915,350,979,308
809,774,726,851,72
810,964,319,847,708
811,503,164,851,72
812,759,72,891,247
813,958,83,553,287
814,452,303,891,247
815,805,947,617,609
816,745,352,510,334
817,525,261,617,609
818,693,416,979,308
819,893,127,874,484
820,496,712,979,308
821,456,327,847,708
822,954,270,660,923
823,730,811,282,278
824,598,91,547,242
825,122,721,851,72
826,836,462,553,287
827,841,968,847,708
828,309,565,891,247
829,808,488,891,247
830,410,864,874,484
831,477,314,874,484
832,155,715,193,693
833,227,960,437,650
834,95,786,282,278
835,212,73,874,484
836,689,775,553,287
837,350,20,350,47
838,937,116,350,47
839,575,401,510,334
840,39,548,439,392
841,901,447,660,923
842,388,594,851,72
843,561,710,617,609
844,328,135,350,47
845,690,262,439,392
846,873,137,553,287
847,591,171,979,308
848,534,471,891,247
849,280,990,439,392
850,48,994,553,287
851,666,335,874,484
852,792,394,660,923
853,529,306,439,392
854,586,424,979,308
855,471,766,439,392
856,395,295,891,247
857,190,708,439,392
858,889,45,979,308
859,630,557,874,484
860,316,128,282,278
861,999,477,874,484
862,601,23,510,334
863,166,96,510,334
864,86,575,874,484
865,674,419,660,923
866,11,532,847,708
867,64,173,282,278
868,727,830,874,484
869,934,645,547,242
870,368,559,439,392
871,839,334,874,484
872,574,960,874,484
873,239,239,510,334
874,428,748,510,334
875,643,51,874,484
876,896,289,510,334
877,561,45,874,484
878,549,698,553,287
879,707,370,510,334
880,350,590,660,923
881,112,815,510,334
882,586,721,547,242
883,208,41,851,72
884,524,24,891,247
885,889,558,874,484
886,183,614,547,242
887,725,40,510,334
888,632,829,851,72
889,650,572,553,287
890,803,463,851,72
891,363,643,660,923
892,645,951,851,72
893,747,630,547,242
894,294,869,282,278
895,684,484,282,278
896,742,406,553,287
897,691,444,874,484
898,827,12,439,392
899,372,972,193,693
900,552,61,617,609
901,236,149,847,708
902,593,657,851,72
903,802,657,660,923
904,322,844,282,278
905,482,510,282,278
906,39,736,350,47
907,736,910,617,609
908,406,172,847,708
909,610,738,510,334
910,970,806,282,278
911,562,307,547,242
912,749,667,979,308
913,181,273,350,47
914,975,115,193,693
915,344,307,851,72
916,221,420,282,278
917,836,275,891,247
918,278,982,437,650
919,956,187,851,72
920,576,778,350,47
921,637,731,617,609
922,938,164,660,923
923,452,67,547,242
924,848,705,437,650
925,493,609,547,242
926,683,238,979,308
927,555,97,617,609
928,213,447,847,708
929,990,604,437,650
930,17,825,660,923
931,157,865,847,708
932,149,997,547,242
933,134,52,891,247
934,665,442,350,47
935,469,57,282,278
936,81,842,847,708
937,387,256,979,308
938,661,178,350,47
939,743,616,979,308
940,196,889,350,47
941,64,570,193,693
942,279,374,851,72
943,10,191,193,693
944,712,228,660,923
945,983,477,193,693
946,513,303,553,287
947,844,112,282,278
948,676,953,547,242
949,812,276,350,47
950,605,490,350,47
951,68,572,510,334
952,314,772,553,287
953,195,647,979,308
954,692,155,439,392
955,46,924,660,923
956,798,782,979,308
957,36,607,847,708
958,37,393,510,334
959,71,54,439,392
960,330,73,282,278
961,672,819,510,334
962,792,203,851,72
963,77,125,437,650
964,103,699,350,47
965,289,782,874,484
966,694,988,660,923
967,205,299,891,247
968,557,143,510,334
969,459,658,439,392
970,989,559,979,308
971,598,457,510,334
972,707,594,660,923
973,979,234,851,72
974,822,16,891,247
975,15,453,553,287
976,907,191,547,242
977,125,786,617,609
978,783,824,350,47
979,504,126,874,484
980,58,184,510,334
981,249,982,282,278
982,281,231,193,693
983,408,422,350,47
984,212,78,847,708
985,929,670,350,47
986,614,601,350,47
987,835,193,847,708
988,124,177,979,308
989,288,241,891,247
990,912,123,891,247
991,607,557,439,392
992,488,900,874,484
993,482,226,891,247
994,950,412,891,247
995,870,812,891,247
996,130,948,437,650
997,355,479,282,278
998,831,981,439,392
999,534,686,979,308
